The classification report for knn:
             precision    recall  f1-score   support

        0.0       0.56      0.60      0.58    102341
        1.0       0.92      0.93      0.93     23699
        2.0       0.94      0.78      0.85     26864
        3.0       0.83      0.82      0.82     22132
        4.0       0.85      0.88      0.87     32033
        5.0       0.39      0.21      0.27     24646
        6.0       0.77      0.89      0.82     24577
        7.0       0.80      0.95      0.87     26271
       12.0       0.32      0.33      0.33     14281
       13.0       0.16      0.22      0.19     12727
       16.0       0.90      0.67      0.77     24445
       17.0       0.89      0.96      0.92     33034
       24.0       0.00      0.00      0.00      7733

avg / total       0.69      0.69      0.68    374783